0.05962068
0.032216832
0.02715498
0.023161301
0.0194851
0.017644193
0.016312465
0.012225861
0.011650443
0.010547986
0.010476001
0.008987068
0.008654827
0.0082463045
0.007866567
0.007508742
0.007280191
0.006966442
0.006862607
0.006755081
0.006499836
0.0063429237
0.0061910134
0.005951825
0.0057819714
0.005574405
0.0053902837
0.005241417
0.0051010996
0.005042044
0.004973043
0.0048894184
0.004732431
0.0045008124
0.004458111
0.0043944214
0.0043254234
0.00430047
0.004208386
0.004129361
0.004071614
0.003936115
0.003894432
0.0038514666
0.0037871352
0.0037320754
0.0036956517
0.003632281
0.003547846
0.0034807625
0.0034142744
0.0033703833
0.003333505
0.0033102862
0.0032335746
0.003197594
0.003189108
0.0031346034
0.0031202247
0.0030164956
0.0029961606
0.0029569746
0.0029332608
0.0029178825
0.0028730095
0.0028662765
0.002833442
0.002812642
0.002784396
0.002764239
0.0027496817
0.0026985789
0.002668716
0.0026285662
0.0026122099
0.0025887333
0.0025567268
0.0025199815
0.002502224
0.0024948795
0.0024782645
0.0024639047
0.0024401578
0.002425047
0.0023887907
0.0023612862
0.002354481
0.0023223872
0.0023045756
0.0022956003
0.0022489072
0.0022319157
0.0022149722
0.0021874309
0.0021767528
0.0021618584
0.0021280767
0.002125435
0.0021153311
0.002090366
0.0020687506
0.0020439734
0.0020352192
0.0020234417
0.0020151278
0.0020026015
0.0019888
0.0019688688
0.0019560356
0.0019522688
0.0019178147
0.0019040612
0.0018914667
0.0018890529
0.0018780341
0.0018628113
0.0018403097
0.0018290454
0.0018219798
0.0017993576
0.0017922944
0.0017772779
0.0017657662
0.0017588236
0.0017410243
0.0017347939
0.0017215348
0.0016965101
0.0016902199
0.001675955
0.0016649539
0.0016605143
0.0016461995
0.0016381273
0.0016196421
0.0016094486
0.0015905
0.0015820235
0.0015793364
0.0015765284
0.0015608832
0.0015468874
0.0015388347
0.0015334964
0.0015207685
0.001517409
0.0015097067
0.0014959367
0.0014880884
0.0014862622
0.0014789754
0.00146531
0.0014637832
0.0014522537
0.001447078
0.0014300072
0.0014199165
0.0014140281
0.0014022043
0.0013969032
0.0013903856
0.0013800029
0.0013753531
0.0013736244
0.0013563739
0.0013505681
0.0013487065
0.0013414494
0.0013387682
0.0013281325
0.0013227408
0.001302517
0.0012967904
0.0012909948
0.0012851207
0.0012735528
0.0012689428
0.0012616634
0.0012540071
0.0012481166
0.0012443927
0.0012347142
0.0012304853
0.0012247398
0.0012185131
0.0012167167
0.0012077164
0.0012042682
0.0011977146
0.0011963797
0.0011934114
0.0011852044
0.0011791281
0.0011698162
0.0011667281
0.0011604482
0.0011496954
0.0011448615
0.001136944
0.0011340012
0.0011306517
0.0011269258
0.001120834
0.0011138358
0.0011060117
0.0011033819
0.0011017717
0.0010888968
0.0010881885
0.0010842367
0.0010797257
0.0010774788
0.0010680001
0.0010652422
0.0010578594
0.0010549347
0.0010525828
0.0010482459
0.0010439547
0.0010408403
0.0010322544
0.0010239737
0.0010195564
0.0010186248
0.0010154479
0.0010079576
0.001001372
0.0009977273
0.0009952368
0.0009928457
0.0009879697
0.0009796484
0.0009777325
0.0009707887
0.0009696154
0.0009667112
0.0009632178
0.0009573496
0.00095253525
0.0009483
0.000944989
0.0009435238
0.0009425249
0.0009374598
0.00093162176
0.0009272271
0.0009218755
0.000914025
0.00091113115
0.0009090656
0.0009059219
0.0009021866
0.000900164
0.00089262234
0.0008918328
0.0008898335
0.000883423
0.00087808043
0.0008753353
0.0008720512
0.0008657661
0.0008652522
0.0008617677
0.00085777673
0.0008542685
0.0008533355
0.0008493493
0.0008445537
0.0008347822
0.0008336975
0.00083170406
0.00082925236
0.0008249449
0.0008219375
0.0008180545
0.0008142133
0.00081167603
0.00080830354
0.00080453604
0.00080384937
0.00080094684
0.0007957657
0.0007934025
0.00079083646
0.0007885621
0.000786017
0.00078162574
0.0007755843
0.00077450287
0.000774106
0.0007697128
0.0007670644
0.0007655231
0.0007631616
0.0007573862
0.0007566489
0.00075390254
0.0007514476
0.0007467395
0.0007427517
0.000741782
0.000737416
0.0007345454
0.0007333518
0.0007305069
0.0007266927
0.0007231692
0.00072152045
0.00071870384
0.0007172939
0.0007142703
0.00071087334
0.0007084174
0.00070595765
0.00070388766
0.0007008818
0.0006965637
0.0006918241
0.0006897743
0.000686226
0.00068506476
0.00068255584
0.00067875156
0.0006763292
0.00067562883
0.00067368074
0.0006663802
0.0006651856
0.0006636842
0.0006617069
0.0006615589
0.0006556252
0.00065531116
0.00065361883
0.00064920494
0.00064724445
0.00064535334
0.0006447891
0.0006417284
0.00063745835
0.00063474936
0.0006324774
0.00062956265
0.00062799035
0.0006248015
0.000623542
0.0006223739
0.0006203253
0.0006183011
0.0006165259
0.0006130388
0.00061247643
0.0006091645
0.0006040871
0.00060361816
0.00060228456
0.000600278
0.00059841434
0.0005962949
0.0005939075
0.0005884586
0.0005879681
0.0005838036
0.0005819604
0.00058067596
0.0005780784
0.0005774992
0.0005745132
0.00057051756
0.00056927046
0.00056774134
0.00056464016
0.00056199264
0.0005600012
0.0005583572
0.00055759546
0.0005558878
0.0005543513
0.00055223075
0.00054943905
0.0005484838
0.0005475822
0.0005441465
0.00054174213
0.00054111885
0.00053931586
0.00053499773
0.0005328472
0.0005305153
0.0005291998
0.0005275659
0.0005256033
0.0005238163
0.0005233547
0.00052074355
0.0005202301
0.000516685
0.00051536516
0.0005136074
0.0005118677
0.0005097074
0.00050759286
0.0005065377
0.0005028039
0.0005015712
0.0004987092
0.00049615605
0.0004945962
0.000490785
0.00049004465
0.000487125
0.00048584028
0.00048391224
0.0004831608
0.0004816956
0.00047822596
0.0004779907
0.0004754312
0.0004747393
0.00047279013
0.00047169314
0.00046869114
0.00046688764
0.0004643602
0.00046321482
0.00046225436
0.0004618925
0.000460457
0.00045869945
0.00045695956
0.0004538932
0.00045332813
0.00045133522
0.00044923683
0.0004484342
0.0004465372
0.00044606777
0.0004425055
0.00044191594
0.00044041386
0.00043898434
0.00043756774
0.00043658464
0.00043521714
0.00043431186
0.00043078937
0.00042999454
0.00042732473
0.00042645683
0.00042613133
0.00042491566
0.00042335628
0.00042142038
0.00042000815
0.00041921774
0.00041732646
0.00041533756
0.00041332754
0.0004125161
0.0004099276
0.00040835707
0.00040790834
0.0004073819
0.00040564817
0.00040547972
0.00040335773
0.00039970523
0.0003986349
0.0003976922
0.00039618133
0.0003936988
0.00039261853
0.00039161174
0.0003907938
0.00038877636
0.00038654145
0.00038604622
0.0003849589
0.00038409952
0.00038303464
0.00038103515
0.000379939
0.00037848236
0.0003764424
0.00037510533
0.00037337124
0.00037195862
0.00037007514
0.0003683873
0.00036613684
0.000364858
0.00036433976
0.00036248463
0.00036228218
0.00036028895
0.00035902884
0.0003585304
0.00035675277
0.00035625164
0.00035470605
0.00035278985
0.0003509092
0.00035002473
0.00034918397
0.00034725608
0.00034637665
0.00034604088
0.0003447911
0.00034346228
0.00034234615
0.00034029142
0.0003401446
0.00033872473
0.00033787283
0.0003364088
0.00033543792
0.00033404454
0.00033305856
0.00033164246
0.00033106824
0.00033059553
0.00033003982
0.00032662877
0.00032450366
0.0003240577
0.00032324446
0.00032276052
0.0003212739
0.00032031655
0.0003194191
0.00031878974
0.00031821535
0.00031681778
0.00031529498
0.00031367366
0.00031260747
0.00031165004
0.00031086916
0.0003094273
0.0003080754
0.00030663455
0.00030550332
0.00030432924
0.00030273394
0.00030254765
0.00030200457
0.00030036503
0.000299822
0.00029866933
0.00029684382
0.0002965979
0.0002956747
0.00029459276
0.0002938846
0.0002926875
0.000290976
0.00028965395
0.0002888888
0.00028790982
0.00028682148
0.00028525194
0.00028446573
0.0002843172
0.00028385042
